protein	total_curto	unique_curto_seqs	unique_seqs	total_seqs	pcnt_curto_unique	pcnt_curto_total	pcnt_unique	pcnt_total	n_removed_curtos	total_seqs_removed
dnaX_1	394	336	407	467	85.06	99.74	86.96	99.78	58	60
rluB	394	335	406	467	84.81	99.74	86.75	99.78	59	61
sbcC	394	332	383	447	84.05	99.74	81.83	95.51	62	64
glgB	395	331	394	460	83.79	100.00	84.18	98.29	64	66
valS	395	331	402	468	83.79	100.00	85.89	100.00	64	66
carB	393	330	401	466	83.54	99.49	85.68	99.57	63	65
bmrA	395	329	400	468	83.29	100.00	85.47	100.00	66	68
group_282	384	329	349	405	83.29	97.21	74.57	86.53	55	56
gyrA_2	395	329	400	468	83.29	100.00	85.47	100.00	66	68
cytR_1	395	328	398	467	83.03	100.00	85.04	99.78	67	69
group_3037	395	328	399	468	83.03	100.00	85.25	100.00	67	69
group_4658	395	328	382	450	83.03	100.00	81.62	96.15	67	68
gsiA_6	395	328	399	468	83.03	100.00	85.25	100.00	67	69
hemY	395	328	387	455	83.03	100.00	82.69	97.22	67	68
rep	394	328	384	451	83.03	99.74	82.05	96.36	66	67
gcvP	394	327	393	462	82.78	99.74	83.97	98.71	67	69
gltB_1	394	327	396	465	82.78	99.74	84.61	99.35	67	69
guaA	395	327	398	468	82.78	100.00	85.04	100.00	68	70
kdpB	395	327	398	468	82.78	100.00	85.04	100.00	68	70
kgd	394	327	398	467	82.78	99.74	85.04	99.78	67	69
ligA	394	327	398	467	82.78	99.74	85.04	99.78	67	69
pnp	394	327	398	467	82.78	99.74	85.04	99.78	67	69
relA	394	327	399	467	82.78	99.74	85.25	99.78	67	68
rpoC	395	327	398	468	82.78	100.00	85.04	100.00	68	70
smc_2	394	327	398	467	82.78	99.74	85.04	99.78	67	69
spoIIIE	395	327	398	468	82.78	100.00	85.04	100.00	68	70
ampH	395	326	395	466	82.53	100.00	84.40	99.57	69	71
dcp	392	326	375	443	82.53	99.24	80.12	94.65	66	68
dnaG	393	326	397	466	82.53	99.49	84.82	99.57	67	69
ftsH	394	326	397	467	82.53	99.74	84.82	99.78	68	70
group_469	391	326	358	424	82.53	98.98	76.49	90.59	65	66
ileS	394	326	397	467	82.53	99.74	84.82	99.78	68	70
nfdA	393	326	395	464	82.53	99.49	84.40	99.14	67	69
pheT	395	326	397	468	82.53	100.00	84.82	100.00	69	71
rlmCD	395	326	397	468	82.53	100.00	84.82	100.00	69	71
smc_1	393	326	383	451	82.53	99.49	81.83	96.36	67	68
tuaD_1	395	326	392	463	82.53	100.00	83.76	98.93	69	71
wbbL_4	394	326	375	444	82.53	99.74	80.12	94.87	68	69
ydfJ	395	326	383	453	82.53	100.00	81.83	96.79	69	70
yscN	394	326	397	467	82.53	99.74	84.82	99.78	68	70
apeB	393	325	380	450	82.27	99.49	81.19	96.15	68	70
crtN	395	325	377	448	82.27	100.00	80.55	95.72	70	71
dbpA	395	325	390	461	82.27	100.00	83.33	98.50	70	71
fadB	394	325	396	467	82.27	99.74	84.61	99.78	69	71
glgE1	393	325	378	448	82.27	99.49	80.76	95.72	68	70
group_1573	392	325	372	440	82.27	99.24	79.48	94.01	67	68
group_3454	394	325	376	446	82.27	99.74	80.34	95.29	69	70
hemA	395	325	390	462	82.27	100.00	83.33	98.71	70	72
hrpB_2	393	325	389	459	82.27	99.49	83.11	98.07	68	70
ispG	394	325	394	465	82.27	99.74	84.18	99.35	69	71
lysN_2	395	325	396	468	82.27	100.00	84.61	100.00	70	72
mshD_1	394	325	368	439	82.27	99.74	78.63	93.80	69	71
nrdE2	395	325	396	468	82.27	100.00	84.61	100.00	70	72
pepO	394	325	382	452	82.27	99.74	81.62	96.58	69	70
pta	394	325	395	466	82.27	99.74	84.40	99.57	69	71
ptrB	393	325	381	451	82.27	99.49	81.41	96.36	68	70
recN	395	325	396	468	82.27	100.00	84.61	100.00	70	72
rpoB	395	325	396	468	82.27	100.00	84.61	100.00	70	72
ykoU	395	325	389	461	82.27	100.00	83.11	98.50	70	72
alaS	394	324	395	467	82.02	99.74	84.40	99.78	70	72
chmD	395	324	369	442	82.02	100.00	78.84	94.44	71	73
dxs	395	324	395	468	82.02	100.00	84.40	100.00	71	73
glnE	394	324	388	460	82.02	99.74	82.90	98.29	70	72
group_1517	393	324	395	466	82.02	99.49	84.40	99.57	69	71
group_1963	393	324	380	451	82.02	99.49	81.19	96.36	69	71
group_4664	395	324	368	440	82.02	100.00	78.63	94.01	71	72
group_990	395	324	373	445	82.02	100.00	79.70	95.08	71	72
gyrB_2	395	324	395	468	82.02	100.00	84.40	100.00	71	73
mmgC	394	324	395	467	82.02	99.74	84.40	99.78	70	72
pepN_2	394	324	388	460	82.02	99.74	82.90	98.29	70	72
pgm	394	324	391	463	82.02	99.74	83.54	98.93	70	72
polA_1	394	324	376	448	82.02	99.74	80.34	95.72	70	72
priA_1	392	324	395	465	82.02	99.24	84.40	99.35	68	70
purL	394	324	395	467	82.02	99.74	84.40	99.78	70	72
pyrC	394	324	395	467	82.02	99.74	84.40	99.78	70	72
thrS	394	324	395	467	82.02	99.74	84.40	99.78	70	72
uvrD1_1	395	324	395	468	82.02	100.00	84.40	100.00	71	73
acuI	395	323	393	467	81.77	100.00	83.97	99.78	72	74
cca	395	323	394	468	81.77	100.00	84.18	100.00	72	74
glgX_2	395	323	386	460	81.77	100.00	82.47	98.29	72	74
glpD_1	395	323	392	466	81.77	100.00	83.76	99.57	72	74
glyA1	395	323	394	468	81.77	100.00	84.18	100.00	72	74
group_2182	395	323	394	468	81.77	100.00	84.18	100.00	72	74
group_3389	394	323	372	444	81.77	99.74	79.48	94.87	71	72
group_3609	394	323	375	448	81.77	99.74	80.12	95.72	71	73
group_3905	394	323	394	467	81.77	99.74	84.18	99.78	71	73
helD	393	323	366	437	81.77	99.49	78.20	93.37	70	71
helY_2	395	323	381	454	81.77	100.00	81.41	97.00	72	73
hisC	395	323	394	468	81.77	100.00	84.18	100.00	72	74
ligC	395	323	387	461	81.77	100.00	82.69	98.50	72	74
lolA	393	323	346	417	81.77	99.49	73.93	89.10	70	71
mdeA_2	395	323	394	468	81.77	100.00	84.18	100.00	72	74
mdtK	393	323	390	462	81.77	99.49	83.33	98.71	70	72
nplT	395	323	389	463	81.77	100.00	83.11	98.93	72	74
parB	395	323	394	468	81.77	100.00	84.18	100.00	72	74
pmt	394	323	378	450	81.77	99.74	80.76	96.15	71	72
ptrA	394	323	388	461	81.77	99.74	82.90	98.50	71	73
recQ_2	395	323	394	468	81.77	100.00	84.18	100.00	72	74
rluD	394	323	394	467	81.77	99.74	84.18	99.78	71	73
ygfZ	394	323	378	451	81.77	99.74	80.76	96.36	71	73
accC	394	322	393	467	81.51	99.74	83.97	99.78	72	74
dnaE	394	322	393	467	81.51	99.74	83.97	99.78	72	74
galP	394	322	372	445	81.51	99.74	79.48	95.08	72	73
garK	394	322	384	458	81.51	99.74	82.05	97.86	72	74
glyQS	393	322	375	447	81.51	99.49	80.12	95.51	71	72
group_1795	393	322	340	412	81.51	99.49	72.64	88.03	71	72
group_2104	395	322	366	440	81.51	100.00	78.20	94.01	73	74
group_2421	394	322	391	466	81.51	99.74	83.54	99.57	72	75
group_3028	395	322	345	419	81.51	100.00	73.71	89.52	73	74
group_3441	395	322	377	451	81.51	100.00	80.55	96.36	73	74
gsiA_1	395	322	393	468	81.51	100.00	83.97	100.00	73	75
gsiB_2	395	322	392	467	81.51	100.00	83.76	99.78	73	75
hemE	395	322	393	468	81.51	100.00	83.97	100.00	73	75
hemH	394	322	380	453	81.51	99.74	81.19	96.79	72	73
hflX	394	322	393	467	81.51	99.74	83.97	99.78	72	74
ispF	394	322	391	465	81.51	99.74	83.54	99.35	72	74
leuA	390	322	393	463	81.51	98.73	83.97	98.93	68	70
leuS	394	322	393	467	81.51	99.74	83.97	99.78	72	74
lnt	394	322	386	460	81.51	99.74	82.47	98.29	72	74
lysX	395	322	393	468	81.51	100.00	83.97	100.00	73	75
mshA_3	395	322	393	468	81.51	100.00	83.97	100.00	73	75
rne	394	322	389	463	81.51	99.74	83.11	98.93	72	74
rsmC_2	395	322	377	452	81.51	100.00	80.55	96.58	73	75
swrC	393	322	391	464	81.51	99.49	83.54	99.14	71	73
xylB	395	322	391	466	81.51	100.00	83.54	99.57	73	75
ydbM	395	322	393	468	81.51	100.00	83.97	100.00	73	75
ydhP	395	322	392	467	81.51	100.00	83.76	99.78	73	75
ykfC	395	322	378	453	81.51	100.00	80.76	96.79	73	75
acnA	394	321	392	467	81.26	99.74	83.76	99.78	73	75
degQ	394	321	392	467	81.26	99.74	83.76	99.78	73	75
drrA_2	395	321	392	468	81.26	100.00	83.76	100.00	74	76
entS_2	394	321	390	465	81.26	99.74	83.33	99.35	73	75
group_1475	394	321	349	423	81.26	99.74	74.57	90.38	73	74
group_2543	394	321	362	436	81.26	99.74	77.35	93.16	73	74
gyrB_1	395	321	392	468	81.26	100.00	83.76	100.00	74	76
kdpA	392	321	382	455	81.26	99.24	81.62	97.22	71	73
merA	395	321	392	468	81.26	100.00	83.76	100.00	74	76
phnA	394	321	375	449	81.26	99.74	80.12	95.94	73	74
pknB	395	321	389	464	81.26	100.00	83.11	99.14	74	75
rapA	394	321	387	462	81.26	99.74	82.69	98.71	73	75
serS	395	321	392	468	81.26	100.00	83.76	100.00	74	76
tagH_1	395	321	392	468	81.26	100.00	83.76	100.00	74	76
tdcB	394	321	392	467	81.26	99.74	83.76	99.78	73	75
treP	395	321	366	441	81.26	100.00	78.20	94.23	74	75
yycB	394	321	382	457	81.26	99.74	81.62	97.64	73	75
accD5	394	320	391	467	81.01	99.74	83.54	99.78	74	76
ackA	394	320	379	454	81.01	99.74	80.98	97.00	74	75
azoB_1	394	320	384	460	81.01	99.74	82.05	98.29	74	76
cobQ	393	320	363	437	81.01	99.49	77.56	93.37	73	74
ddl_1	395	320	391	468	81.01	100.00	83.54	100.00	75	77
der	394	320	391	467	81.01	99.74	83.54	99.78	74	76
flhA	387	320	360	429	81.01	97.97	76.92	91.66	67	69
group_2952	394	320	354	429	81.01	99.74	75.64	91.66	74	75
luxA_2	395	320	382	459	81.01	100.00	81.62	98.07	75	77
manA	394	320	372	446	81.01	99.74	79.48	95.29	74	74
moeA	394	320	390	466	81.01	99.74	83.33	99.57	74	76
mtrB	395	320	391	468	81.01	100.00	83.54	100.00	75	77
nagC_1	395	320	380	456	81.01	100.00	81.19	97.43	75	76
pknK	395	320	387	464	81.01	100.00	82.69	99.14	75	77
ppk	395	320	386	463	81.01	100.00	82.47	98.93	75	77
purH	394	320	391	467	81.01	99.74	83.54	99.78	74	76
qacA_1	395	320	391	468	81.01	100.00	83.54	100.00	75	77
rip1	393	320	391	466	81.01	99.49	83.54	99.57	73	75
xyoA_2	394	320	374	449	81.01	99.74	79.91	95.94	74	75
ybeZ_1	394	320	391	467	81.01	99.74	83.54	99.78	74	76
acsA_1	395	319	390	468	80.75	100.00	83.33	100.00	76	78
clcD	395	319	361	439	80.75	100.00	77.13	93.80	76	78
cpdA_2	394	319	373	450	80.75	99.74	79.70	96.15	75	77
folD	395	319	390	468	80.75	100.00	83.33	100.00	76	78
folP1	395	319	390	468	80.75	100.00	83.33	100.00	76	78
ftsQ	393	319	370	445	80.75	99.49	79.05	95.08	74	75
galK	395	319	373	450	80.75	100.00	79.70	96.15	76	77
glmM	394	319	390	467	80.75	99.74	83.33	99.78	75	77
glpD_2	395	319	388	466	80.75	100.00	82.90	99.57	76	78
gltA2	394	319	390	467	80.75	99.74	83.33	99.78	75	77
group_1298	395	319	357	434	80.75	100.00	76.28	92.73	76	77
group_1516	394	319	355	431	80.75	99.74	75.85	92.09	75	76
group_1587	394	319	384	461	80.75	99.74	82.05	98.50	75	77
group_2772	395	319	370	447	80.75	100.00	79.05	95.51	76	77
group_3624	395	319	370	447	80.75	100.00	79.05	95.51	76	77
hemL	395	319	390	468	80.75	100.00	83.33	100.00	76	78
maf	394	319	389	466	80.75	99.74	83.11	99.57	75	77
metX	393	319	384	460	80.75	99.49	82.05	98.29	74	76
miaA	394	319	390	467	80.75	99.74	83.33	99.78	75	77
moeZ_2	394	319	390	466	80.75	99.74	83.33	99.57	75	76
murC	394	319	390	467	80.75	99.74	83.33	99.78	75	77
murD_1	393	319	362	437	80.75	99.49	77.35	93.37	74	75
nemA	395	319	388	466	80.75	100.00	82.90	99.57	76	78
pepA	393	319	388	464	80.75	99.49	82.90	99.14	74	76
polA_2	393	319	390	466	80.75	99.49	83.33	99.57	74	76
ptsI	393	319	387	463	80.75	99.49	82.69	98.93	74	76
rarA	394	319	390	467	80.75	99.74	83.33	99.78	75	77
recG	394	319	390	467	80.75	99.74	83.33	99.78	75	77
tolB	392	319	349	423	80.75	99.24	74.57	90.38	73	74
tsaD	395	319	390	468	80.75	100.00	83.33	100.00	76	78
ycjS_1	395	319	383	461	80.75	100.00	81.83	98.50	76	78
yhaU	395	319	371	449	80.75	100.00	79.27	95.94	76	78
yhdN_3	395	319	388	466	80.75	100.00	82.90	99.57	76	78
yidA	395	319	389	467	80.75	100.00	83.11	99.78	76	78
ytpA	394	319	382	459	80.75	99.74	81.62	98.07	75	77
cbs	394	318	389	467	80.50	99.74	83.11	99.78	76	78
ctaD	394	318	389	467	80.50	99.74	83.11	99.78	76	78
dapL	394	318	389	467	80.50	99.74	83.11	99.78	76	78
ghrB	394	318	389	467	80.50	99.74	83.11	99.78	76	78
group_1008	387	318	332	402	80.50	97.97	70.94	85.89	69	70
group_1220	395	318	364	442	80.50	100.00	77.77	94.44	77	78
group_1734	394	318	353	430	80.50	99.74	75.42	91.88	76	77
group_1757	394	318	376	453	80.50	99.74	80.34	96.79	76	77
group_2546	394	318	377	455	80.50	99.74	80.55	97.22	76	78
group_3161	394	318	370	448	80.50	99.74	79.05	95.72	76	78
group_3652	395	318	389	468	80.50	100.00	83.11	100.00	77	79
group_387	393	318	368	444	80.50	99.49	78.63	94.87	75	76
guaB_1	395	318	389	468	80.50	100.00	83.11	100.00	77	79
ilvB	395	318	389	468	80.50	100.00	83.11	100.00	77	79
leuC	394	318	389	467	80.50	99.74	83.11	99.78	76	78
mak	395	318	363	442	80.50	100.00	77.56	94.44	77	79
murF	394	318	389	467	80.50	99.74	83.11	99.78	76	78
pitA_2	394	318	385	463	80.50	99.74	82.26	98.93	76	78
purM	393	318	388	466	80.50	99.49	82.90	99.57	75	78
pyrD	394	318	387	465	80.50	99.74	82.69	99.35	76	78
recX	394	318	373	450	80.50	99.74	79.70	96.15	76	77
tkt	394	318	389	467	80.50	99.74	83.11	99.78	76	78
trmI	389	318	369	441	80.50	98.48	78.84	94.23	71	72
uvrC	394	318	389	467	80.50	99.74	83.11	99.78	76	78
yedY	395	318	382	461	80.50	100.00	81.62	98.50	77	79
yhjE	394	318	384	462	80.50	99.74	82.05	98.71	76	78
add2	394	317	377	456	80.25	99.74	80.55	97.43	77	79
araA	393	317	364	441	80.25	99.49	77.77	94.23	76	77
arsB	395	317	377	457	80.25	100.00	80.55	97.64	78	80
bkdB	395	317	387	467	80.25	100.00	82.69	99.78	78	80
clpX	388	317	388	461	80.25	98.22	82.90	98.50	71	73
corC_1	394	317	388	467	80.25	99.74	82.90	99.78	77	79
cysS	394	317	388	467	80.25	99.74	82.90	99.78	77	79
ddpC	395	317	383	463	80.25	100.00	81.83	98.93	78	80
dnaX_2	394	317	388	467	80.25	99.74	82.90	99.78	77	79
fabF	394	317	388	467	80.25	99.74	82.90	99.78	77	79
fgs	394	317	388	467	80.25	99.74	82.90	99.78	77	79
flgK	387	317	357	429	80.25	97.97	76.28	91.66	70	72
galM_1	395	317	367	446	80.25	100.00	78.41	95.29	78	79
galT	395	317	362	441	80.25	100.00	77.35	94.23	78	79
gatB	394	317	388	467	80.25	99.74	82.90	99.78	77	79
glpQ	395	317	386	466	80.25	100.00	82.47	99.57	78	80
group_1691	395	317	353	432	80.25	100.00	75.42	92.30	78	79
group_1990	395	317	366	445	80.25	100.00	78.20	95.08	78	79
group_2970	395	317	388	468	80.25	100.00	82.90	100.00	78	80
group_3020	394	317	332	410	80.25	99.74	70.94	87.60	77	78
group_3880	395	317	388	468	80.25	100.00	82.90	100.00	78	80
Hgd	393	317	383	461	80.25	99.49	81.83	98.50	76	78
hrpB_1	395	317	376	455	80.25	100.00	80.34	97.22	78	79
kynu	393	317	355	432	80.25	99.49	75.85	92.30	76	77
menD	393	317	375	452	80.25	99.49	80.12	96.58	76	77
metG	394	317	388	467	80.25	99.74	82.90	99.78	77	79
ndh_1	394	317	384	463	80.25	99.74	82.05	98.93	77	79
pdp	394	317	373	451	80.25	99.74	79.70	96.36	77	78
phr	394	317	375	454	80.25	99.74	80.12	97.00	77	79
pimA_1	394	317	383	462	80.25	99.74	81.83	98.71	77	79
purU	395	317	388	468	80.25	100.00	82.90	100.00	78	80
pyrG	395	317	388	468	80.25	100.00	82.90	100.00	78	80
rutG	394	317	378	456	80.25	99.74	80.76	97.43	77	78
sacB	394	317	352	431	80.25	99.74	75.21	92.09	77	79
sadH	395	317	388	468	80.25	100.00	82.90	100.00	78	80
sdhA	394	317	388	467	80.25	99.74	82.90	99.78	77	79
sigA	395	317	388	468	80.25	100.00	82.90	100.00	78	80
trxB_2	395	317	388	468	80.25	100.00	82.90	100.00	78	80
yedK	394	317	374	453	80.25	99.74	79.91	96.79	77	79
ylxH	395	317	388	468	80.25	100.00	82.90	100.00	78	80
aroA	394	316	387	467	80.00	99.74	82.69	99.78	78	80
carA	393	316	387	466	80.00	99.49	82.69	99.57	77	79
csd	394	316	387	467	80.00	99.74	82.69	99.78	78	80
cysW	395	316	387	468	80.00	100.00	82.69	100.00	79	81
dnaJ_2	394	316	375	454	80.00	99.74	80.12	97.00	78	79
dppA_2	395	316	379	460	80.00	100.00	80.98	98.29	79	81
glmS_2	395	316	387	468	80.00	100.00	82.69	100.00	79	81
gluP	395	316	377	458	80.00	100.00	80.55	97.86	79	81
gpr_2	395	316	385	466	80.00	100.00	82.26	99.57	79	81
group_1047	394	316	367	446	80.00	99.74	78.41	95.29	78	79
group_1051	393	316	367	445	80.00	99.49	78.41	95.08	77	78
group_1605	392	316	382	460	80.00	99.24	81.62	98.29	76	78
group_2111	395	316	371	451	80.00	100.00	79.27	96.36	79	80
group_2559	394	316	371	451	80.00	99.74	79.27	96.36	78	80
group_2625	394	316	387	467	80.00	99.74	82.69	99.78	78	80
group_278	395	316	387	468	80.00	100.00	82.69	100.00	79	81
group_4786	394	316	367	446	80.00	99.74	78.41	95.29	78	79
hisD	394	316	387	467	80.00	99.74	82.69	99.78	78	80
lplA	393	316	372	450	80.00	99.49	79.48	96.15	77	78
lysA	394	316	387	467	80.00	99.74	82.69	99.78	78	80
metK	392	316	387	465	80.00	99.24	82.69	99.35	76	78
metN	395	316	387	468	80.00	100.00	82.69	100.00	79	81
murD	394	316	387	467	80.00	99.74	82.69	99.78	78	80
murE	394	316	387	467	80.00	99.74	82.69	99.78	78	80
pbpA	395	316	387	468	80.00	100.00	82.69	100.00	79	81
pdhD	395	316	387	468	80.00	100.00	82.69	100.00	79	81
proA	394	316	386	466	80.00	99.74	82.47	99.57	78	80
purA	391	316	387	464	80.00	98.98	82.69	99.14	75	77
tilS	395	316	386	467	80.00	100.00	82.47	99.78	79	81
trpE	394	316	387	467	80.00	99.74	82.69	99.78	78	80
tyrS	388	316	387	461	80.00	98.22	82.69	98.50	72	74
xylA	395	316	377	458	80.00	100.00	80.55	97.86	79	81
yfmC	395	316	376	457	80.00	100.00	80.34	97.64	79	81
ccsB	394	315	366	446	79.74	99.74	78.20	95.29	79	80
dagK	395	315	386	468	79.74	100.00	82.47	100.00	80	82
dinB	394	315	386	467	79.74	99.74	82.47	99.78	79	81
dnaB	395	315	386	468	79.74	100.00	82.47	100.00	80	82
flhB	387	315	355	429	79.74	97.97	75.85	91.66	72	74
fmt	395	315	386	468	79.74	100.00	82.47	100.00	80	82
group_1037	394	315	381	463	79.74	99.74	81.41	98.93	79	82
group_2527	393	315	359	438	79.74	99.49	76.70	93.58	78	79
group_3237	394	315	366	446	79.74	99.74	78.20	95.29	79	80
group_3843	394	315	386	467	79.74	99.74	82.47	99.78	79	81
gsiC_3	395	315	381	463	79.74	100.00	81.41	98.93	80	82
hemC	394	315	385	467	79.74	99.74	82.26	99.78	79	82
hemN	394	315	386	467	79.74	99.74	82.47	99.78	79	81
ispE	394	315	383	464	79.74	99.74	81.83	99.14	79	81
lspA	394	315	384	466	79.74	99.74	82.05	99.57	79	82
mepM_1	395	315	383	465	79.74	100.00	81.83	99.35	80	82
mqo	394	315	379	460	79.74	99.74	80.98	98.29	79	81
obg	394	315	386	467	79.74	99.74	82.47	99.78	79	81
pbpG	393	315	377	458	79.74	99.49	80.55	97.86	78	81
priA_2	394	315	386	467	79.74	99.74	82.47	99.78	79	81
purF	395	315	386	468	79.74	100.00	82.47	100.00	80	82
sauU	392	315	363	440	79.74	99.24	77.56	94.01	77	77
trxA_2	395	315	385	468	79.74	100.00	82.26	100.00	80	83
typA	395	315	386	468	79.74	100.00	82.47	100.00	80	82
ubiG_2	393	315	359	438	79.74	99.49	76.70	93.58	78	79
xerD	394	315	386	467	79.74	99.74	82.47	99.78	79	81
xylE	395	315	386	468	79.74	100.00	82.47	100.00	80	82
ylmA_2	395	315	386	468	79.74	100.00	82.47	100.00	80	82
argS	394	314	385	467	79.49	99.74	82.26	99.78	80	82
arnC	395	314	377	461	79.49	100.00	80.55	98.50	81	84
ask	394	314	385	467	79.49	99.74	82.26	99.78	80	82
cdsA	394	314	385	467	79.49	99.74	82.26	99.78	80	82
dauA	394	314	381	463	79.49	99.74	81.41	98.93	80	82
ftsZ	393	314	385	466	79.49	99.49	82.26	99.57	79	81
galM_2	395	314	376	459	79.49	100.00	80.34	98.07	81	83
gcvT	394	314	380	462	79.49	99.74	81.19	98.71	80	82
group_161	395	314	363	445	79.49	100.00	77.56	95.08	81	82
gsiC_1	395	314	380	463	79.49	100.00	81.19	98.93	81	83
ilvE_2	394	314	385	467	79.49	99.74	82.26	99.78	80	82
lysN_1	395	314	385	468	79.49	100.00	82.26	100.00	81	83
nnr_1	394	314	360	442	79.49	99.74	76.92	94.44	80	82
oppD_1	395	314	385	468	79.49	100.00	82.26	100.00	81	83
pfp	395	314	371	453	79.49	100.00	79.27	96.79	81	82
pknE	395	314	367	449	79.49	100.00	78.41	95.94	81	82
proB	394	314	384	466	79.49	99.74	82.05	99.57	80	82
ribD	393	314	385	466	79.49	99.49	82.26	99.57	79	81
soj_1	395	314	384	468	79.49	100.00	82.05	100.00	81	84
uvrB	394	314	385	467	79.49	99.74	82.26	99.78	80	82
ykoV	394	314	380	462	79.49	99.74	81.19	98.71	80	82
ywtF	395	314	372	454	79.49	100.00	79.48	97.00	81	82
araB	393	313	366	448	79.24	99.49	78.20	95.72	80	82
asd	394	313	384	467	79.24	99.74	82.05	99.78	81	83
asnS	395	313	384	468	79.24	100.00	82.05	100.00	82	84
dapA	394	313	384	467	79.24	99.74	82.05	99.78	81	83
dapE_1	395	313	384	468	79.24	100.00	82.05	100.00	82	84
dnaK	395	313	384	468	79.24	100.00	82.05	100.00	82	84
ffh	389	313	384	462	79.24	98.48	82.05	98.71	76	78
folP	395	313	384	468	79.24	100.00	82.05	100.00	82	84
fprA	394	313	382	465	79.24	99.74	81.62	99.35	81	83
glgA	395	313	384	468	79.24	100.00	82.05	100.00	82	84
group_1518	392	313	365	445	79.24	99.24	77.99	95.08	79	80
group_1894	394	313	373	456	79.24	99.74	79.70	97.43	81	83
group_2183	391	313	376	456	79.24	98.98	80.34	97.43	78	80
group_2589	394	313	336	418	79.24	99.74	71.79	89.31	81	82
group_3906	394	313	364	446	79.24	99.74	77.77	95.29	81	82
liaS_3	394	313	351	433	79.24	99.74	75.00	92.52	81	82
lip3	394	313	378	461	79.24	99.74	80.76	98.50	81	83
map_2	395	313	383	468	79.24	100.00	81.83	100.00	82	85
menA_1	392	313	344	424	79.24	99.24	73.50	90.59	79	80
menA_3	395	313	355	438	79.24	100.00	75.85	93.58	82	83
menE	394	313	384	467	79.24	99.74	82.05	99.78	81	83
metB	395	313	384	468	79.24	100.00	82.05	100.00	82	84
mrcA	395	313	384	468	79.24	100.00	82.05	100.00	82	84
mshC	394	313	384	467	79.24	99.74	82.05	99.78	81	83
nrdF2	395	313	384	468	79.24	100.00	82.05	100.00	82	84
pheA	395	313	384	468	79.24	100.00	82.05	100.00	82	84
pomA	386	313	353	428	79.24	97.72	75.42	91.45	73	75
pyrF	393	313	364	445	79.24	99.49	77.77	95.08	80	81
rsmG	395	313	384	468	79.24	100.00	82.05	100.00	82	84
rutD_2	395	313	374	457	79.24	100.00	79.91	97.64	82	83
sdh_1	395	313	384	468	79.24	100.00	82.05	100.00	82	84
sseA_1	394	313	376	460	79.24	99.74	80.34	98.29	81	84
truA	395	313	384	468	79.24	100.00	82.05	100.00	82	84
aroE	395	312	383	468	78.98	100.00	81.83	100.00	83	85
birA_2	394	312	382	466	78.98	99.74	81.62	99.57	82	84
dapB	394	312	383	467	78.98	99.74	81.83	99.78	82	84
dapC	395	312	383	468	78.98	100.00	81.83	100.00	83	85
dgt	393	312	376	459	78.98	99.49	80.34	98.07	81	83
dnaE2_2	393	312	369	452	78.98	99.49	78.84	96.58	81	83
dxr	393	312	380	464	78.98	99.49	81.19	99.14	81	84
fabH_1	394	312	383	467	78.98	99.74	81.83	99.78	82	84
fliD	386	312	344	419	78.98	97.72	73.50	89.52	74	75
fpg1	395	312	383	468	78.98	100.00	81.83	100.00	83	85
ftsW_1	395	312	383	468	78.98	100.00	81.83	100.00	83	85
glkA	395	312	374	458	78.98	100.00	79.91	97.86	83	84
glnA	394	312	383	467	78.98	99.74	81.83	99.78	82	84
glpK	395	312	382	467	78.98	100.00	81.62	99.78	83	85
gmk	392	312	383	465	78.98	99.24	81.83	99.35	80	82
group_1604	394	312	368	452	78.98	99.74	78.63	96.58	82	84
group_2754	394	312	359	442	78.98	99.74	76.70	94.44	82	83
group_2836	395	312	376	461	78.98	100.00	80.34	98.50	83	85
group_3219	394	312	370	453	78.98	99.74	79.05	96.79	82	83
group_3398	394	312	371	455	78.98	99.74	79.27	97.22	82	84
group_4051	393	312	383	466	78.98	99.49	81.83	99.57	81	83
lafU	386	312	352	428	78.98	97.72	75.21	91.45	74	76
lepA	395	312	383	468	78.98	100.00	81.83	100.00	83	85
nei1_1	395	312	383	468	78.98	100.00	81.83	100.00	83	85
nei1_2	395	312	383	468	78.98	100.00	81.83	100.00	83	85
nlpD	391	312	371	452	78.98	98.98	79.27	96.58	79	81
nodA	394	312	334	417	78.98	99.74	71.36	89.10	82	83
otsA	394	312	365	448	78.98	99.74	77.99	95.72	82	83
proC	393	312	383	466	78.98	99.49	81.83	99.57	81	83
rhtA	394	312	364	448	78.98	99.74	77.77	95.72	82	84
scpA	394	312	382	466	78.98	99.74	81.62	99.57	82	84
serC	395	312	378	462	78.98	100.00	80.76	98.71	83	84
sufD	393	312	376	458	78.98	99.49	80.34	97.86	81	82
ung	394	312	382	466	78.98	99.74	81.62	99.57	82	84
viuB_2	395	312	370	455	78.98	100.00	79.05	97.22	83	85
ykfB	393	312	377	460	78.98	99.49	80.55	98.29	81	83
cobB	394	311	378	463	78.73	99.74	80.76	98.93	83	85
corC_2	394	311	382	467	78.73	99.74	81.62	99.78	83	85
cpdA_1	394	311	365	450	78.73	99.74	77.99	96.15	83	85
dapE_2	395	311	382	468	78.73	100.00	81.62	100.00	84	86
fdm_2	395	311	382	468	78.73	100.00	81.62	100.00	84	86
galE_2	395	311	368	454	78.73	100.00	78.63	97.00	84	86
glgC	393	311	367	450	78.73	99.49	78.41	96.15	82	83
group_2560	395	311	363	449	78.73	100.00	77.56	95.94	84	86
gsiD_2	395	311	376	463	78.73	100.00	80.34	98.93	84	87
hemB	394	311	381	467	78.73	99.74	81.41	99.78	83	86
hom	394	311	382	467	78.73	99.74	81.62	99.78	83	85
iscS	394	311	382	467	78.73	99.74	81.62	99.78	83	85
isfD_1	395	311	383	468	78.73	100.00	81.83	100.00	84	85
ispB	395	311	382	468	78.73	100.00	81.62	100.00	84	86
ispH	393	311	380	464	78.73	99.49	81.19	99.14	82	84
patA	395	311	382	468	78.73	100.00	81.62	100.00	84	86
pdtaS	390	311	369	449	78.73	98.73	78.84	95.94	79	80
pgk	393	311	382	466	78.73	99.49	81.62	99.57	82	84
ppnK_2	395	311	382	468	78.73	100.00	81.62	100.00	84	86
purB	395	311	381	467	78.73	100.00	81.41	99.78	84	86
racE	392	311	380	463	78.73	99.24	81.19	98.93	81	83
ribD_1	395	311	364	449	78.73	100.00	77.77	95.94	84	85
rmuC	394	311	370	455	78.73	99.74	79.05	97.22	83	85
thiL	393	311	378	462	78.73	99.49	80.76	98.71	82	84
tqsA	395	311	382	468	78.73	100.00	81.62	100.00	84	86
trmH	392	311	362	444	78.73	99.24	77.35	94.87	81	82
trpC	394	311	382	467	78.73	99.74	81.62	99.78	83	85
trpS	394	311	382	467	78.73	99.74	81.62	99.78	83	85
truB	393	311	381	466	78.73	99.49	81.41	99.57	82	85
yheS_1	395	311	382	468	78.73	100.00	81.62	100.00	84	86
yutF	394	311	369	453	78.73	99.74	78.84	96.79	83	84
alx	393	310	364	449	78.48	99.49	77.77	95.94	83	85
argJ	395	310	380	467	78.48	100.00	81.19	99.78	85	87
atpA	394	310	381	467	78.48	99.74	81.41	99.78	84	86
aviRb	395	310	381	468	78.48	100.00	81.41	100.00	85	87
bcr_1	395	310	380	467	78.48	100.00	81.19	99.78	85	87
dapD	395	310	367	454	78.48	100.00	78.41	97.00	85	87
dus	393	310	381	466	78.48	99.49	81.41	99.57	83	85
gltB_2	394	310	379	465	78.48	99.74	80.98	99.35	84	86
groL1	395	310	381	468	78.48	100.00	81.41	100.00	85	87
group_1318	389	310	343	423	78.48	98.48	73.29	90.38	79	80
group_2264	392	310	348	430	78.48	99.24	74.35	91.88	82	82
group_2519	394	310	342	427	78.48	99.74	73.07	91.23	84	85
group_3185	395	310	354	440	78.48	100.00	75.64	94.01	85	86
group_3425	380	310	358	429	78.48	96.20	76.49	91.66	70	71
group_918	395	310	375	462	78.48	100.00	80.12	98.71	85	87
leuB	394	310	381	467	78.48	99.74	81.41	99.78	84	86
murB	394	310	381	467	78.48	99.74	81.41	99.78	84	86
nagD	394	310	368	453	78.48	99.74	78.63	96.79	84	85
ndx1	395	310	364	450	78.48	100.00	77.77	96.15	85	86
pheP	394	310	374	460	78.48	99.74	79.91	98.29	84	86
plsC_1	394	310	373	460	78.48	99.74	79.70	98.29	84	87
purK	393	310	381	466	78.48	99.49	81.41	99.57	83	85
rfbM	394	310	372	458	78.48	99.74	79.48	97.86	84	86
sbcD	392	310	365	449	78.48	99.24	77.99	95.94	82	84
tesB	394	310	373	459	78.48	99.74	79.70	98.07	84	86
tpiA	394	310	381	467	78.48	99.74	81.41	99.78	84	86
trpB	394	310	381	467	78.48	99.74	81.41	99.78	84	86
zapE	386	310	374	452	78.48	97.72	79.91	96.58	76	78
argD	395	309	380	468	78.22	100.00	81.19	100.00	86	88
deoR_2	394	309	362	449	78.22	99.74	77.35	95.94	85	87
dhbC	394	309	380	467	78.22	99.74	81.19	99.78	85	87
fba	395	309	365	452	78.22	100.00	77.99	96.58	86	87
group_1137	392	309	380	465	78.22	99.24	81.19	99.35	83	85
group_2379	395	309	370	458	78.22	100.00	79.05	97.86	86	88
group_3610	394	309	359	445	78.22	99.74	76.70	95.08	85	86
group_5486	395	309	380	468	78.22	100.00	81.19	100.00	86	88
hrcA	395	309	380	468	78.22	100.00	81.19	100.00	86	88
livH	393	309	370	456	78.22	99.49	79.05	97.43	84	86
mca	394	309	351	437	78.22	99.74	75.00	93.37	85	86
nucS	394	309	360	446	78.22	99.74	76.92	95.29	85	86
pbpB	395	309	380	468	78.22	100.00	81.19	100.00	86	88
ppnK_1	395	309	380	468	78.22	100.00	81.19	100.00	86	88
psaA	394	309	373	460	78.22	99.74	79.70	98.29	85	87
pspA_2	395	309	356	444	78.22	100.00	76.06	94.87	86	88
pyk	394	309	380	467	78.22	99.74	81.19	99.78	85	87
pyrB	395	309	380	468	78.22	100.00	81.19	100.00	86	88
rsmA	394	309	380	467	78.22	99.74	81.19	99.78	85	87
tatD	394	309	380	467	78.22	99.74	81.19	99.78	85	87
thrB	394	309	366	453	78.22	99.74	78.20	96.79	85	87
tlyC_2	394	309	380	467	78.22	99.74	81.19	99.78	85	87
trpA	394	309	380	467	78.22	99.74	81.19	99.78	85	87
ttgW_2	395	309	352	439	78.22	100.00	75.21	93.80	86	87
ybdK_2	394	309	362	448	78.22	99.74	77.35	95.72	85	86
coaA	391	308	367	451	77.97	98.98	78.41	96.36	83	84
fliG	386	308	348	428	77.97	97.72	74.35	91.45	78	80
gltX	388	308	379	461	77.97	98.22	80.98	98.50	80	82
gpsA	394	308	379	467	77.97	99.74	80.98	99.78	86	88
group_2263	394	308	347	434	77.97	99.74	74.14	92.73	86	87
group_2508	394	308	359	446	77.97	99.74	76.70	95.29	86	87
group_2978	395	308	379	468	77.97	100.00	80.98	100.00	87	89
group_3140	392	308	357	442	77.97	99.24	76.28	94.44	84	85
group_3256	394	308	344	431	77.97	99.74	73.50	92.09	86	87
group_4150	394	308	346	434	77.97	99.74	73.93	92.73	86	88
group_4160	393	308	359	445	77.97	99.49	76.70	95.08	85	86
mog	394	308	378	466	77.97	99.74	80.76	99.57	86	88
mscM	385	308	350	428	77.97	97.46	74.78	91.45	77	78
mtlD_2	394	308	368	456	77.97	99.74	78.63	97.43	86	88
murA1	394	308	379	467	77.97	99.74	80.98	99.78	86	88
purD	394	308	379	467	77.97	99.74	80.98	99.78	86	88
rsmC	393	308	371	458	77.97	99.49	79.27	97.86	85	87
soj_2	395	308	378	468	77.97	100.00	80.76	100.00	87	90
sucD	394	308	376	464	77.97	99.74	80.34	99.14	86	88
argO	391	307	368	454	77.72	98.98	78.63	97.00	84	86
crtB	394	307	361	450	77.72	99.74	77.13	96.15	87	89
ctaB	394	307	378	467	77.72	99.74	80.76	99.78	87	89
ddl_2	395	307	378	468	77.72	100.00	80.76	100.00	88	90
dhaK_1	394	307	356	445	77.72	99.74	76.06	95.08	87	89
folE	394	307	378	467	77.72	99.74	80.76	99.78	87	89
galE_1	395	307	377	467	77.72	100.00	80.55	99.78	88	90
group_1359	393	307	327	414	77.72	99.49	69.87	88.46	86	87
group_2850	395	307	353	442	77.72	100.00	75.42	94.44	88	89
group_3009	390	307	371	457	77.72	98.73	79.27	97.64	83	86
group_3603	394	307	378	467	77.72	99.74	80.76	99.78	87	89
group_3643	394	307	378	467	77.72	99.74	80.76	99.78	87	89
group_517	391	307	341	427	77.72	98.98	72.86	91.23	84	86
hisF	394	307	378	467	77.72	99.74	80.76	99.78	87	89
ilvD	394	307	378	467	77.72	99.74	80.76	99.78	87	89
lacI_1	395	307	377	467	77.72	100.00	80.55	99.78	88	90
mutT	395	307	364	454	77.72	100.00	77.77	97.00	88	90
otsB	394	307	360	448	77.72	99.74	76.92	95.72	87	88
pepE	394	307	344	432	77.72	99.74	73.50	92.30	87	88
petB	394	307	378	467	77.72	99.74	80.76	99.78	87	89
pgl_1	394	307	368	458	77.72	99.74	78.63	97.86	87	90
pstA	395	307	378	468	77.72	100.00	80.76	100.00	88	90
rlmG	394	307	370	459	77.72	99.74	79.05	98.07	87	89
rnhA	395	307	368	458	77.72	100.00	78.63	97.86	88	90
ssuE	393	307	357	445	77.72	99.49	76.28	95.08	86	88
sucC	394	307	374	464	77.72	99.74	79.91	99.14	87	90
sufB	394	307	371	459	77.72	99.74	79.27	98.07	87	88
tlyA	395	307	371	460	77.72	100.00	79.27	98.29	88	89
ulaF	393	307	364	450	77.72	99.49	77.77	96.15	86	86
uvrD2	395	307	378	468	77.72	100.00	80.76	100.00	88	90
xerC	394	307	378	467	77.72	99.74	80.76	99.78	87	89
xylG_2	395	307	378	468	77.72	100.00	80.76	100.00	88	90
ybeZ_2	394	307	377	467	77.72	99.74	80.55	99.78	87	90
znuC	395	307	378	468	77.72	100.00	80.76	100.00	88	90
amtB	387	306	374	458	77.46	97.97	79.91	97.86	81	84
argC	395	306	377	468	77.46	100.00	80.55	100.00	89	91
cmk	394	306	377	467	77.46	99.74	80.55	99.78	88	90
dhaM	394	306	370	460	77.46	99.74	79.05	98.29	88	90
fabG1	395	306	377	468	77.46	100.00	80.55	100.00	89	91
group_1485	388	306	363	446	77.46	98.22	77.56	95.29	82	83
group_2523	394	306	367	457	77.46	99.74	78.41	97.64	88	90
group_4097	393	306	359	448	77.46	99.49	76.70	95.72	87	89
nudC	394	306	370	460	77.46	99.74	79.05	98.29	88	90
pat	395	306	377	468	77.46	100.00	80.55	100.00	89	91
ppgK	394	306	363	452	77.46	99.74	77.56	96.58	88	89
prmC_1	394	306	377	467	77.46	99.74	80.55	99.78	88	90
purC	394	306	370	460	77.46	99.74	79.05	98.29	88	90
rsmE	394	306	377	467	77.46	99.74	80.55	99.78	88	90
sigR	395	306	377	468	77.46	100.00	80.55	100.00	89	91
srlR_2	395	306	370	461	77.46	100.00	79.05	98.50	89	91
tag	394	306	366	456	77.46	99.74	78.20	97.43	88	90
ydfG_2	395	306	377	468	77.46	100.00	80.55	100.00	89	91
yxaF	394	306	362	452	77.46	99.74	77.35	96.58	88	90
alr_2	395	305	376	468	77.21	100.00	80.34	100.00	90	92
era	394	305	376	467	77.21	99.74	80.34	99.78	89	91
fusA	395	305	376	468	77.21	100.00	80.34	100.00	90	92
group_2622	395	305	373	465	77.21	100.00	79.70	99.35	90	92
group_2820	394	305	357	447	77.21	99.74	76.28	95.51	89	90
group_3000	395	305	371	463	77.21	100.00	79.27	98.93	90	92
group_3636	394	305	364	454	77.21	99.74	77.77	97.00	89	90
group_3922	394	305	375	466	77.21	99.74	80.12	99.57	89	91
group_4475	394	305	352	443	77.21	99.74	75.21	94.65	89	91
lon1	394	305	362	453	77.21	99.74	77.35	96.79	89	91
mtlA	393	305	351	440	77.21	99.49	75.00	94.01	88	89
nreC_2	395	305	376	468	77.21	100.00	80.34	100.00	90	92
pdxT	394	305	359	449	77.21	99.74	76.70	95.94	89	90
rsmI	394	305	376	467	77.21	99.74	80.34	99.78	89	91
sdh_2	395	305	376	468	77.21	100.00	80.34	100.00	90	92
yncA_1	395	305	375	467	77.21	100.00	80.12	99.78	90	92
yqjA	393	305	375	466	77.21	99.49	80.12	99.57	88	91
znuB	394	305	369	460	77.21	99.74	78.84	98.29	89	91
cofC	394	304	329	420	76.96	99.74	70.29	89.74	90	91
eno	394	304	375	467	76.96	99.74	80.12	99.78	90	92
fadA	393	304	375	466	76.96	99.49	80.12	99.57	89	91
fliM	386	304	338	422	76.96	97.72	72.22	90.17	82	84
group_3229	395	304	338	431	76.96	100.00	72.22	92.09	91	93
group_3938	395	304	348	441	76.96	100.00	74.35	94.23	91	93
group_4668	395	304	356	448	76.96	100.00	76.06	95.72	91	92
group_4998	393	304	375	466	76.96	99.49	80.12	99.57	89	91
group_813	393	304	342	432	76.96	99.49	73.07	92.30	89	90
punA	393	304	367	458	76.96	99.49	78.41	97.86	89	91
ruvB	394	304	375	467	76.96	99.74	80.12	99.78	90	92
scpB	394	304	375	467	76.96	99.74	80.12	99.78	90	92
tsaB	395	304	373	466	76.96	100.00	79.70	99.57	91	93
wecA	394	304	368	459	76.96	99.74	78.63	98.07	90	91
yidC_2	395	304	375	468	76.96	100.00	80.12	100.00	91	93
yqjI_2	395	304	369	462	76.96	100.00	78.84	98.71	91	93
zwf_1	395	304	373	466	76.96	100.00	79.70	99.57	91	93
argB	395	303	374	468	76.70	100.00	79.91	100.00	92	94
bkdA	395	303	371	464	76.70	100.00	79.27	99.14	92	93
comEA	391	303	368	458	76.70	98.98	78.63	97.86	88	90
dppB_2	395	303	369	463	76.70	100.00	78.84	98.93	92	94
group_2427	394	303	341	433	76.70	99.74	72.86	92.52	91	92
group_2914	395	303	374	468	76.70	100.00	79.91	100.00	92	94
hepT	395	303	374	468	76.70	100.00	79.91	100.00	92	94
hisH	393	303	373	465	76.70	99.49	79.70	99.35	90	92
uhpA_2	395	303	370	464	76.70	100.00	79.05	99.14	92	94
ycjP_1	395	303	371	465	76.70	100.00	79.27	99.35	92	94
flgL	387	302	342	429	76.45	97.97	73.07	91.66	85	87
ftsL	394	302	351	444	76.45	99.74	75.00	94.87	92	93
group_3346	394	302	353	446	76.45	99.74	75.42	95.29	92	93
group_4109	394	302	351	444	76.45	99.74	75.00	94.87	92	93
group_4436	393	302	352	444	76.45	99.49	75.21	94.87	91	92
hisG	394	302	373	467	76.45	99.74	79.70	99.78	92	94
pnuC	394	302	345	438	76.45	99.74	73.71	93.58	92	93
polC	394	302	365	459	76.45	99.74	77.99	98.07	92	94
recO	387	302	360	446	76.45	97.97	76.92	95.29	85	86
regX3_1	395	302	373	468	76.45	100.00	79.70	100.00	93	95
rph	392	302	371	463	76.45	99.24	79.27	98.93	90	92
rsmH	392	302	373	465	76.45	99.24	79.70	99.35	90	92
strE	394	302	373	467	76.45	99.74	79.70	99.78	92	94
trxB_1	395	302	373	468	76.45	100.00	79.70	100.00	93	95
ydaF_2	395	302	364	458	76.45	100.00	77.77	97.86	93	94
yjcF	395	302	345	440	76.45	100.00	73.71	94.01	93	95
ylmA_1	395	302	373	468	76.45	100.00	79.70	100.00	93	95
ctaA	394	301	359	453	76.20	99.74	76.70	96.79	93	94
fliR	387	301	341	429	76.20	97.97	72.86	91.66	86	88
hisN	394	301	372	467	76.20	99.74	79.48	99.78	93	95
ilvC	394	301	371	467	76.20	99.74	79.27	99.78	93	96
livF	395	301	371	468	76.20	100.00	79.27	100.00	94	97
pabA	395	301	372	468	76.20	100.00	79.48	100.00	94	96
prfA	394	301	372	467	76.20	99.74	79.48	99.78	93	95
rdgB	391	301	372	464	76.20	98.98	79.48	99.14	90	92
serB	393	301	365	459	76.20	99.49	77.99	98.07	92	94
speE	395	301	349	444	76.20	100.00	74.57	94.87	94	95
strL	393	301	369	463	76.20	99.49	78.84	98.93	92	94
tdk	393	301	357	450	76.20	99.49	76.28	96.15	92	93
trmD	393	301	372	466	76.20	99.49	79.48	99.57	92	94
trpD	394	301	372	467	76.20	99.74	79.48	99.78	93	95
yhfK_1	394	301	355	450	76.20	99.74	75.85	96.15	93	95
ykoE	391	301	349	440	76.20	98.98	74.57	94.01	90	91
fliN	386	300	338	426	75.94	97.72	72.22	91.02	86	88
ftsY	389	300	371	462	75.94	98.48	79.27	98.71	89	91
gdhI	395	300	371	468	75.94	100.00	79.27	100.00	95	97
group_3030	394	300	339	435	75.94	99.74	72.43	92.94	94	96
group_3369	395	300	371	468	75.94	100.00	79.27	100.00	95	97
group_3702	393	300	350	444	75.94	99.49	74.78	94.87	93	94
group_3825	394	300	347	442	75.94	99.74	74.14	94.44	94	95
menA	394	300	358	453	75.94	99.74	76.49	96.79	94	95
menB	393	300	371	466	75.94	99.49	79.27	99.57	93	95
metQ	388	300	363	453	75.94	98.22	77.56	96.79	88	90
pstS3	395	300	363	461	75.94	100.00	77.56	98.50	95	98
trpF	393	300	338	433	75.94	99.49	72.22	92.52	93	95
whiA	394	300	358	453	75.94	99.74	76.49	96.79	94	95
fkbP_1	394	299	358	455	75.69	99.74	76.49	97.22	95	97
ftsX	394	299	361	457	75.69	99.74	77.13	97.64	95	96
gntZ	395	299	369	466	75.69	100.00	78.84	99.57	96	97
group_1688	392	299	339	433	75.69	99.24	72.43	92.52	93	94
grpE	395	299	370	468	75.69	100.00	79.05	100.00	96	98
pth	394	299	370	467	75.69	99.74	79.05	99.78	95	97
rnc	394	299	369	467	75.69	99.74	78.84	99.78	95	98
tagG_2	394	299	360	457	75.69	99.74	76.92	97.64	95	97
tcrX_1	395	299	370	468	75.69	100.00	79.05	100.00	96	98
yurY	395	299	370	468	75.69	100.00	79.05	100.00	96	98
argA	395	298	358	457	75.44	100.00	76.49	97.64	97	99
cysK1	394	298	369	467	75.44	99.74	78.84	99.78	96	98
glbO	394	298	356	454	75.44	99.74	76.06	97.00	96	98
group_1464	394	298	333	431	75.44	99.74	71.15	92.09	96	98
group_2385	392	298	330	425	75.44	99.24	70.51	90.81	94	95
group_3455	393	298	332	428	75.44	99.49	70.94	91.45	95	96
iolE_1	395	298	341	439	75.44	100.00	72.86	93.80	97	98
lexA	394	298	368	467	75.44	99.74	78.63	99.78	96	99
nicF_1	394	298	358	457	75.44	99.74	76.49	97.64	96	99
pdxS	394	298	353	450	75.44	99.74	75.42	96.15	96	97
ppiB	394	298	360	458	75.44	99.74	76.92	97.86	96	98
recA	394	298	369	467	75.44	99.74	78.84	99.78	96	98
rpe	394	298	369	467	75.44	99.74	78.84	99.78	96	98
thrC	394	298	369	467	75.44	99.74	78.84	99.78	96	98
tnrA	394	298	349	446	75.44	99.74	74.57	95.29	96	97
tsaE	395	298	369	468	75.44	100.00	78.84	100.00	97	99
adk	395	297	368	468	75.18	100.00	78.63	100.00	98	100
corA_2	394	297	361	460	75.18	99.74	77.13	98.29	97	99
fliP	387	297	337	429	75.18	97.97	72.00	91.66	90	92
group_1252	394	297	338	436	75.18	99.74	72.22	93.16	97	98
group_1527	394	297	335	433	75.18	99.74	71.58	92.52	97	98
group_2826	394	297	351	449	75.18	99.74	75.00	95.94	97	98
group_3613	394	297	368	467	75.18	99.74	78.63	99.78	97	99
lptB	395	297	368	468	75.18	100.00	78.63	100.00	98	100
pheS	395	297	368	468	75.18	100.00	78.63	100.00	98	100
resA	394	297	367	466	75.18	99.74	78.41	99.57	97	99
rmlA2	395	297	367	467	75.18	100.00	78.41	99.78	98	100
rmpA	389	297	328	421	75.18	98.48	70.08	89.95	92	93
ssb1	395	297	349	448	75.18	100.00	74.57	95.72	98	99
ubiG_1	394	297	321	419	75.18	99.74	68.58	89.52	97	98
yqjI_1	394	297	355	454	75.18	99.74	75.85	97.00	97	99
cysE	394	296	366	466	74.93	99.74	78.20	99.57	98	100
dnaN	395	296	367	468	74.93	100.00	78.41	100.00	99	101
group_2760	392	296	334	431	74.93	99.24	71.36	92.09	96	97
group_3143	388	296	347	440	74.93	98.22	74.14	94.01	92	93
hisB	394	296	366	467	74.93	99.74	78.20	99.78	98	101
mscL	395	296	366	468	74.93	100.00	78.20	100.00	99	102
nifU	392	296	350	447	74.93	99.24	74.78	95.51	96	97
nudF	395	296	367	468	74.93	100.00	78.41	100.00	99	101
plsC_2	394	296	358	459	74.93	99.74	76.49	98.07	98	101
prs	393	296	367	466	74.93	99.49	78.41	99.57	97	99
rppH	394	296	327	427	74.93	99.74	69.87	91.23	98	100
senX3	395	296	367	468	74.93	100.00	78.41	100.00	99	101
yfkM	390	296	351	446	74.93	98.73	75.00	95.29	94	95
dhaL	394	295	344	445	74.68	99.74	73.50	95.08	99	101
group_1025	395	295	319	420	74.68	100.00	68.16	89.74	100	101
group_1704	393	295	351	451	74.68	99.49	75.00	96.36	98	100
group_2273	395	295	342	443	74.68	100.00	73.07	94.65	100	101
group_2446	395	295	337	438	74.68	100.00	72.00	93.58	100	101
group_3647	395	295	315	416	74.68	100.00	67.30	88.88	100	101
group_5012	393	295	356	455	74.68	99.49	76.06	97.22	98	99
moaC2	394	295	366	466	74.68	99.74	78.20	99.57	99	100
mraY	394	295	366	467	74.68	99.74	78.20	99.78	99	101
mutX	394	295	325	425	74.68	99.74	69.44	90.81	99	100
narL	394	295	345	445	74.68	99.74	73.71	95.08	99	100
rnhB	394	295	365	467	74.68	99.74	77.99	99.78	99	102
tig	392	295	366	465	74.68	99.24	78.20	99.35	97	99
cobC	394	294	338	439	74.43	99.74	72.22	93.80	100	101
def_2	394	294	363	467	74.43	99.74	77.56	99.78	100	104
gapA	394	294	364	467	74.43	99.74	77.77	99.78	100	103
group_3921	395	294	347	450	74.43	100.00	74.14	96.15	101	103
group_812	385	294	314	406	74.43	97.46	67.09	86.75	91	92
ideR_2	395	294	344	447	74.43	100.00	73.50	95.51	101	103
metI	395	294	361	464	74.43	100.00	77.13	99.14	101	103
phoB	395	294	364	468	74.43	100.00	77.77	100.00	101	104
polC_1	394	294	343	444	74.43	99.74	73.29	94.87	100	101
ribBA_1	394	294	365	467	74.43	99.74	77.99	99.78	100	102
sugC	395	294	365	468	74.43	100.00	77.99	100.00	101	103
pyrR	393	293	357	459	74.17	99.49	76.28	98.07	100	102
secY	395	293	364	468	74.17	100.00	77.77	100.00	102	104
yghB	393	293	364	466	74.17	99.49	77.77	99.57	100	102
betI	395	292	345	450	73.92	100.00	73.71	96.15	103	105
deoC2	394	292	354	458	73.92	99.74	75.64	97.86	102	104
fliW	387	292	313	409	73.92	97.97	66.88	87.39	95	96
group_1756	393	292	341	443	73.92	99.49	72.86	94.65	101	102
group_2858	395	292	350	454	73.92	100.00	74.78	97.00	103	104
group_2921	394	292	340	443	73.92	99.74	72.64	94.65	102	103
group_3347	394	292	343	446	73.92	99.74	73.29	95.29	102	103
group_3485	395	292	341	445	73.92	100.00	72.86	95.08	103	104
parA	395	292	362	468	73.92	100.00	77.35	100.00	103	106
pstC	395	292	363	468	73.92	100.00	77.56	100.00	103	105
ribBA_2	394	292	362	466	73.92	99.74	77.35	99.57	102	104
ycjO_1	395	292	360	465	73.92	100.00	76.92	99.35	103	105
group_1903	392	291	320	422	73.67	99.24	68.37	90.17	101	102
group_2219	394	291	338	442	73.67	99.74	72.22	94.44	103	104
group_3187	394	291	345	449	73.67	99.74	73.71	95.94	103	104
orn	393	291	348	453	73.67	99.49	74.35	96.79	102	105
ridA	394	291	351	455	73.67	99.74	75.00	97.22	103	104
rmpB	391	291	337	438	73.67	98.98	72.00	93.58	100	101
ruvC	394	291	354	460	73.67	99.74	75.64	98.29	103	106
aroK_2	393	290	302	406	73.41	99.49	64.52	86.75	103	104
dcd	395	290	355	462	73.41	100.00	75.85	98.71	105	107
lepB_2	394	290	361	467	73.41	99.74	77.13	99.78	104	106
pstB3	395	290	361	468	73.41	100.00	77.13	100.00	105	107
sigD	387	290	348	447	73.41	97.97	74.35	95.51	97	99
gpmA_1	394	289	353	459	73.16	99.74	75.42	98.07	105	106
group_2070	394	289	342	448	73.16	99.74	73.07	95.72	105	106
group_2816	394	289	339	445	73.16	99.74	72.43	95.08	105	106
group_5039	394	289	338	444	73.16	99.74	72.22	94.87	105	106
pgsA2	395	289	360	468	73.16	100.00	76.92	100.00	106	108
tadA	393	289	359	466	73.16	99.49	76.70	99.57	104	107
tagH_2	395	289	360	468	73.16	100.00	76.92	100.00	106	108
aioB	394	288	339	446	72.91	99.74	72.43	95.29	106	107
albA	393	288	345	452	72.91	99.49	73.71	96.58	105	107
atpD	394	288	359	467	72.91	99.74	76.70	99.78	106	108
group_1786	395	288	324	432	72.91	100.00	69.23	92.30	107	108
group_2766	395	288	329	438	72.91	100.00	70.29	93.58	107	109
rsmD	394	288	359	467	72.91	99.74	76.70	99.78	106	108
tcrX_2	395	288	358	468	72.91	100.00	76.49	100.00	107	110
ywlC	394	288	359	467	72.91	99.74	76.70	99.78	106	108
atpH	393	287	358	466	72.65	99.49	76.49	99.57	106	108
cinA	393	287	358	466	72.65	99.49	76.49	99.57	106	108
dut	394	287	355	464	72.65	99.74	75.85	99.14	107	109
group_1012	389	287	334	437	72.65	98.48	71.36	93.37	102	103
lrtA	394	287	345	453	72.65	99.74	73.71	96.79	107	108
purQ	393	287	357	465	72.65	99.49	76.28	99.35	106	108
pyrH	394	287	358	467	72.65	99.74	76.49	99.78	107	109
rimM	394	287	348	456	72.65	99.74	74.35	97.43	107	108
apt	394	286	350	460	72.40	99.74	74.78	98.29	108	110
argF	395	286	357	468	72.40	100.00	76.28	100.00	109	111
group_3336	393	286	337	445	72.40	99.49	72.00	95.08	107	108
hmrR	394	286	336	446	72.40	99.74	71.79	95.29	108	110
purN	395	286	357	468	72.40	100.00	76.28	100.00	109	111
yjcF_1	395	286	337	447	72.40	100.00	72.00	95.51	109	110
group_2805	393	285	317	426	72.15	99.49	67.73	91.02	108	109
prfB	394	285	356	467	72.15	99.74	76.06	99.78	109	111
purE	394	285	355	467	72.15	99.74	75.85	99.78	109	112
qcrC	394	285	335	446	72.15	99.74	71.58	95.29	109	111
tatC2	394	285	355	467	72.15	99.74	75.85	99.78	109	112
group_2248	394	284	324	435	71.89	99.74	69.23	92.94	110	111
group_3342	394	284	330	441	71.89	99.74	70.51	94.23	110	111
tal_1	394	284	344	455	71.89	99.74	73.50	97.22	110	111
uhpA_1	394	284	341	454	71.89	99.74	72.86	97.00	110	113
cdd	394	283	344	456	71.64	99.74	73.50	97.43	111	112
group_2268	394	283	334	446	71.64	99.74	71.36	95.29	111	112
group_2627	395	283	326	439	71.64	100.00	69.65	93.80	112	113
recR	394	283	354	467	71.64	99.74	75.64	99.78	111	113
sdhB	394	283	354	467	71.64	99.74	75.64	99.78	111	113
tmpC	394	283	338	450	71.64	99.74	72.22	96.15	111	112
ulaC	392	283	328	439	71.64	99.24	70.08	93.80	109	111
group_1193	394	282	326	440	71.39	99.74	69.65	94.01	112	114
group_2388	394	282	322	437	71.39	99.74	68.80	93.37	112	115
group_3016	394	282	297	409	71.39	99.74	63.46	87.39	112	112
group_4429	394	282	353	467	71.39	99.74	75.42	99.78	112	114
rpiB_2	394	282	347	462	71.39	99.74	74.14	98.71	112	115
fhaA	395	281	332	447	71.13	100.00	70.94	95.51	114	115
group_2386	395	281	326	441	71.13	100.00	69.65	94.23	114	115
group_2400	393	281	314	427	71.13	99.49	67.09	91.23	112	113
regX3_2	395	281	352	468	71.13	100.00	75.21	100.00	114	116
csdE	386	280	326	434	70.88	97.72	69.65	92.73	106	108
group_3032	389	280	306	416	70.88	98.48	65.38	88.88	109	110
group_4121	395	280	329	446	70.88	100.00	70.29	95.29	115	117
ruvA	394	280	350	466	70.88	99.74	74.78	99.57	114	116
bcp_2	394	279	350	467	70.63	99.74	74.78	99.78	115	117
clpP2_2	389	279	350	462	70.63	98.48	74.78	98.71	110	112
marR_1	395	279	332	450	70.63	100.00	70.94	96.15	116	118
fliS	386	278	303	412	70.37	97.72	64.74	88.03	108	109
group_1030	394	278	330	447	70.37	99.74	70.51	95.51	116	117
group_3352	384	278	299	406	70.37	97.21	63.88	86.75	106	107
group_4474	392	278	344	461	70.37	99.24	73.50	98.50	114	117
idi	394	278	319	436	70.37	99.74	68.16	93.16	116	117
sigK_2	395	278	348	467	70.37	100.00	74.35	99.78	117	119
srlR_1	395	277	341	461	70.12	100.00	72.86	98.50	118	120
ybaK_1	394	277	340	459	70.12	99.74	72.64	98.07	117	119
folB	394	276	338	458	69.87	99.74	72.22	97.86	118	120
ftsE	395	276	347	468	69.87	100.00	74.14	100.00	119	121
group_2358	393	276	321	439	69.87	99.49	68.58	93.80	117	118
group_832	394	276	323	442	69.87	99.74	69.01	94.44	118	119
upp	392	276	340	459	69.87	99.24	72.64	98.07	116	119
zur	394	276	341	460	69.87	99.74	72.86	98.29	118	119
dsbD	394	275	333	453	69.62	99.74	71.15	96.79	119	120
group_2034	386	275	320	432	69.62	97.72	68.37	92.30	111	112
group_3698	395	275	318	439	69.62	100.00	67.94	93.80	120	121
hspR	395	275	331	454	69.62	100.00	70.72	97.00	120	123
group_1116	386	274	281	393	69.36	97.72	60.04	83.97	112	112
group_1538	392	274	286	404	69.36	99.24	61.11	86.32	118	118
group_2930	394	274	325	446	69.36	99.74	69.44	95.29	120	121
group_3376	394	274	324	446	69.36	99.74	69.23	95.29	120	122
group_4111	394	274	294	415	69.36	99.74	62.82	88.67	120	121
rmlC	393	274	336	457	69.36	99.49	71.79	97.64	119	121
ubiE	394	274	345	467	69.36	99.74	73.71	99.78	120	122
def_1	394	273	344	467	69.11	99.74	73.50	99.78	121	123
group_2266	393	273	324	445	69.11	99.49	69.23	95.08	120	121
cas9	395	271	322	447	68.60	100.00	68.80	95.51	124	125
fhaB	395	271	322	447	68.60	100.00	68.80	95.51	124	125
group_2633	391	271	322	443	68.60	98.98	68.80	94.65	120	121
tsf	394	271	342	467	68.60	99.74	73.07	99.78	123	125
gpx2	395	270	338	465	68.35	100.00	72.22	99.35	125	127
hslR	392	270	325	449	68.35	99.24	69.44	95.94	122	124
group_3837	395	269	318	447	68.10	100.00	67.94	95.51	126	129
kstR	394	269	307	434	68.10	99.74	65.59	92.73	125	127
moeZ_1	394	269	330	458	68.10	99.74	70.51	97.86	125	128
glpF	394	268	329	457	67.84	99.74	70.29	97.64	126	128
group_4079	394	268	338	467	67.84	99.74	72.22	99.78	126	129
atpG	394	266	337	467	67.34	99.74	72.00	99.78	128	130
glmU_1	393	266	307	435	67.34	99.49	65.59	92.94	127	128
group_3442	395	266	331	462	67.34	100.00	70.72	98.71	129	131
leuD	394	266	337	467	67.34	99.74	72.00	99.78	128	130
mtrA	395	266	337	468	67.34	100.00	72.00	100.00	129	131
rnpA	394	266	318	446	67.34	99.74	67.94	95.29	128	128
hpt	394	265	330	461	67.08	99.74	70.51	98.50	129	131
lrp_2	394	265	330	461	67.08	99.74	70.51	98.50	129	131
pyrE	393	265	327	456	67.08	99.49	69.87	97.43	128	129
ctaC	394	264	331	462	66.83	99.74	70.72	98.71	130	131
gtaB	395	264	334	467	66.83	100.00	71.36	99.78	131	133
rpsB	392	264	335	465	66.83	99.24	71.58	99.35	128	130
smpB	394	264	335	467	66.83	99.74	71.58	99.78	130	132
group_2743	393	263	312	443	66.58	99.49	66.66	94.65	130	131
group_4421	394	263	333	467	66.58	99.74	71.15	99.78	131	134
rpsE	393	263	332	466	66.58	99.49	70.94	99.57	130	134
coaD	394	262	333	467	66.32	99.74	71.15	99.78	132	134
group_4082	390	262	315	443	66.32	98.73	67.30	94.65	128	128
sepF	393	262	320	452	66.32	99.49	68.37	96.58	131	132
group_2552	394	261	313	447	66.07	99.74	66.88	95.51	133	134
sdpR	394	261	331	466	66.07	99.74	70.72	99.57	133	135
yneA	394	261	315	448	66.07	99.74	67.30	95.72	133	133
group_2601	394	260	319	456	65.82	99.74	68.16	97.43	134	137
rplQ	395	260	330	468	65.82	100.00	70.51	100.00	135	138
group_2704	391	259	310	443	65.56	98.98	66.23	94.65	132	133
group_3166	393	258	307	443	65.31	99.49	65.59	94.65	135	136
group_3356	394	258	290	427	65.31	99.74	61.96	91.23	136	137
pdtaR	395	258	329	468	65.31	100.00	70.29	100.00	137	139
rplA	394	258	328	467	65.31	99.74	70.08	99.78	136	139
group_3153	394	257	300	439	65.06	99.74	64.10	93.80	137	139
rbpA_1	391	257	302	438	65.06	98.98	64.52	93.58	134	136
dps2	393	256	323	463	64.81	99.49	69.01	98.93	137	140
group_2533	394	256	320	460	64.81	99.74	68.37	98.29	138	140
rplY	393	256	323	464	64.81	99.49	69.01	99.14	137	141
acpS	395	255	319	460	64.55	100.00	68.16	98.29	140	141
entH	393	255	320	460	64.55	99.49	68.37	98.29	138	140
group_1920	393	255	299	438	64.55	99.49	63.88	93.58	138	139
tuf	395	254	323	468	64.30	100.00	69.01	100.00	141	145
group_2424	394	253	301	443	64.05	99.74	64.31	94.65	141	142
group_3131	393	253	302	443	64.05	99.49	64.52	94.65	140	141
khtT	395	253	293	437	64.05	100.00	62.60	93.37	142	144
ctaF	394	252	302	446	63.79	99.74	64.52	95.29	142	144
greA	392	252	321	465	63.79	99.24	68.58	99.35	140	144
group_1702	394	252	301	444	63.79	99.74	64.31	94.87	142	143
group_1112	393	251	298	441	63.54	99.49	63.67	94.23	142	143
group_3186	394	251	302	446	63.54	99.74	64.52	95.29	143	144
group_3839	387	251	272	409	63.54	97.97	58.11	87.39	136	137
atpB	394	250	315	463	63.29	99.74	67.30	98.93	144	148
atpF	393	250	316	462	63.29	99.49	67.52	98.71	143	146
fliE	386	250	278	416	63.29	97.72	59.40	88.88	136	138
group_3653	395	247	294	444	62.53	100.00	62.82	94.87	148	150
hisI	393	247	318	466	62.53	99.49	67.94	99.57	146	148
gpt	394	246	285	434	62.27	99.74	60.89	92.73	148	149
group_3464	394	246	286	436	62.27	99.74	61.11	93.16	148	150
group_5011	394	246	309	460	62.27	99.74	66.02	98.29	148	151
mrx1	395	246	290	442	62.27	100.00	61.96	94.44	149	152
nadD	394	246	317	467	62.27	99.74	67.73	99.78	148	150
ndkA	394	246	316	467	62.27	99.74	67.52	99.78	148	151
group_2956	394	244	297	450	61.77	99.74	63.46	96.15	150	153
ybeY	394	244	314	467	61.77	99.74	67.09	99.78	150	153
group_3634	394	243	294	446	61.51	99.74	62.82	95.29	151	152
trxC	391	243	284	433	61.51	98.98	60.68	92.52	148	149
sodA	392	242	313	465	61.26	99.24	66.88	99.35	150	152
fkbP_2	394	241	296	454	61.01	99.74	63.24	97.00	153	158
group_1546	394	241	294	448	61.01	99.74	62.82	95.72	153	154
group_3713	395	241	289	446	61.01	100.00	61.75	95.29	154	157
tyrA	394	240	297	452	60.75	99.74	63.46	96.58	154	155
group_4093	394	239	275	432	60.50	99.74	58.76	92.30	155	157
sdhC	394	239	289	446	60.50	99.74	61.75	95.29	155	157
group_1470	393	238	284	441	60.25	99.49	60.68	94.23	155	157
group_3196	395	238	287	447	60.25	100.00	61.32	95.51	157	160
paaD	393	238	300	458	60.25	99.49	64.10	97.86	155	158
cypB	395	237	308	468	60.00	100.00	65.81	100.00	158	160
frr	394	237	306	467	60.00	99.74	65.38	99.78	157	161
hag	386	237	277	428	60.00	97.72	59.18	91.45	149	151
rplB	395	237	307	468	60.00	100.00	65.59	100.00	158	161
efp	394	235	305	467	59.49	99.74	65.17	99.78	159	162
ulaB	394	235	270	430	59.49	99.74	57.69	91.88	159	160
group_2510	387	234	271	426	59.24	97.97	57.90	91.02	153	155
group_3942	394	234	284	446	59.24	99.74	60.68	95.29	160	162
group_3845	394	233	280	442	58.98	99.74	59.82	94.44	161	162
clpS	395	232	275	440	58.73	100.00	58.76	94.01	163	165
rpoA	395	232	302	468	58.73	100.00	64.52	100.00	163	166
group_1751	389	231	252	411	58.48	98.48	53.84	87.82	158	159
group_2818	392	231	241	404	58.48	99.24	51.49	86.32	161	163
rpsC	395	230	298	468	58.22	100.00	63.67	100.00	165	170
carAc	393	229	284	449	57.97	99.49	60.68	95.94	164	165
ptpA_1	395	229	292	460	57.97	100.00	62.39	98.29	166	168
rbpA_2	393	228	278	445	57.72	99.49	59.40	95.08	165	167
group_3430	393	227	256	424	57.46	99.49	54.70	90.59	166	168
group_3462	395	227	267	438	57.46	100.00	57.05	93.58	168	171
flgC	386	226	262	424	57.21	97.72	55.98	90.59	160	162
gcvH	394	226	289	462	57.21	99.74	61.75	98.71	168	173
group_3910	395	226	272	443	57.21	100.00	58.11	94.65	169	171
ssb	395	226	294	468	57.21	100.00	62.82	100.00	169	174
garA	395	224	275	447	56.70	100.00	58.76	95.51	171	172
group_4481	395	224	273	447	56.70	100.00	58.33	95.51	171	174
hisE	394	223	271	447	56.45	99.74	57.90	95.51	171	176
erpA	394	222	292	467	56.20	99.74	62.39	99.78	172	175
group_2833	393	222	267	440	56.20	99.49	57.05	94.01	171	173
whiB	394	219	270	446	55.44	99.74	57.69	95.29	175	176
clpP2_1	389	218	288	462	55.18	98.48	61.53	98.71	171	174
group_2096	395	218	263	443	55.18	100.00	56.19	94.65	177	180
group_3149	394	215	265	446	54.43	99.74	56.62	95.29	179	181
rsfS	393	215	284	466	54.43	99.49	60.68	99.57	178	182
group_1900	391	214	256	434	54.17	98.98	54.70	92.73	177	178
group_2752	392	212	253	435	53.67	99.24	54.05	92.94	180	182
rplE	393	211	279	466	53.41	99.49	59.61	99.57	182	187
xseB	394	211	266	452	53.41	99.74	56.83	96.58	183	186
yidD	395	211	267	453	53.41	100.00	57.05	96.79	184	186
group_1901	394	210	256	442	53.16	99.74	54.70	94.44	184	186
group_2797	394	203	229	421	51.39	99.74	48.93	89.95	191	192
trxA_1	395	203	272	468	51.39	100.00	58.11	100.00	192	196
flgB	386	202	230	415	51.13	97.72	49.14	88.67	184	185
group_2374	394	202	252	446	51.13	99.74	53.84	95.29	192	194
rsrA	394	202	248	442	51.13	99.74	52.99	94.44	192	194
fliQ	386	201	239	428	50.88	97.72	51.06	91.45	185	189
group_2004	392	201	225	418	50.88	99.24	48.07	89.31	191	193
carD	394	200	261	458	50.63	99.74	55.76	97.86	194	197
group_2505	394	200	269	467	50.63	99.74	57.47	99.78	194	198
group_5682	394	200	260	460	50.63	99.74	55.55	98.29	194	200
rpsD	394	200	271	467	50.63	99.74	57.90	99.78	194	196
rsbV	391	200	233	426	50.63	98.98	49.78	91.02	191	193
infC	395	199	267	468	50.37	100.00	57.05	100.00	196	201
ilvH	394	197	267	467	49.87	99.74	57.05	99.78	197	200
group_2706	393	193	244	445	48.86	99.49	52.13	95.08	200	201
mraZ	392	193	256	457	48.86	99.24	54.70	97.64	199	201
rpsI	391	191	261	464	48.35	98.98	55.76	99.14	200	203
ctaE	394	190	259	467	48.10	99.74	55.34	99.78	204	208
group_3207	391	190	227	430	48.10	98.98	48.50	91.88	201	203
group_2800	393	188	227	433	47.59	99.49	48.50	92.52	205	206
group_2186	392	185	231	442	46.83	99.24	49.35	94.44	207	211
rplC	395	185	254	468	46.83	100.00	54.27	100.00	210	214
csp	395	184	252	468	46.58	100.00	53.84	100.00	211	216
cwsA	394	180	214	429	45.56	99.74	45.72	91.66	214	215
rplI	395	180	249	468	45.56	100.00	53.20	100.00	215	219
crgA	395	179	227	447	45.31	100.00	48.50	95.51	216	220
group_2986	390	177	226	442	44.81	98.73	48.29	94.44	213	216
rplO	395	177	248	468	44.81	100.00	52.99	100.00	218	220
group_2742	393	176	219	440	44.55	99.49	46.79	94.01	217	221
group_3940	393	174	221	443	44.05	99.49	47.22	94.65	219	222
rplF	393	174	244	466	44.05	99.49	52.13	99.57	219	222
rplD	395	172	242	468	43.54	100.00	51.70	100.00	223	226
rplS	394	171	239	467	43.29	99.74	51.06	99.78	223	228
group_2979	395	170	212	438	43.03	100.00	45.29	93.58	225	226
ptsH	394	170	231	459	43.03	99.74	49.35	98.07	224	228
rpsG	395	166	235	468	42.02	100.00	50.21	100.00	229	233
group_4486	391	165	216	443	41.77	98.98	46.15	94.65	226	227
rpsP	393	164	231	466	41.51	99.49	49.35	99.57	229	235
rpsF	395	162	222	463	41.01	100.00	47.43	98.93	233	241
atpC	394	160	226	464	40.50	99.74	48.29	99.14	234	238
group_6447	394	158	209	446	40.00	99.74	44.65	95.29	236	237
purS	392	158	219	455	40.00	99.24	46.79	97.22	234	236
nrdH	395	154	194	437	38.98	100.00	41.45	93.37	241	243
rpsT	391	153	220	464	38.73	98.98	47.00	99.14	238	244
secE	394	153	201	446	38.73	99.74	42.94	95.29	241	245
rplT	394	152	219	467	38.48	99.74	46.79	99.78	242	248
group_5001	393	148	159	405	37.46	99.49	33.97	86.53	245	246
clgR	393	146	197	445	36.96	99.49	42.09	95.08	247	248
gatC	393	145	205	455	36.70	99.49	43.80	97.22	248	250
group_2824	393	145	194	445	36.70	99.49	41.45	95.08	248	251
rplX	393	144	210	466	36.45	99.49	44.87	99.57	249	256
rpsN	394	144	206	464	36.45	99.74	44.01	99.14	250	258
group_4060	390	143	188	439	36.20	98.73	40.17	93.80	247	251
rplM	392	140	205	465	35.44	99.24	43.80	99.35	252	260
rpsH	393	140	209	466	35.44	99.49	44.65	99.57	253	257
group_4643	393	138	176	433	34.93	99.49	37.60	92.52	255	257
rpsK	395	138	204	468	34.93	100.00	43.58	100.00	257	264
group_5305	394	134	170	435	33.92	99.74	36.32	92.94	260	265
rplK	394	134	198	467	33.92	99.74	42.30	99.78	260	269
group_4437	394	130	175	443	32.91	99.74	37.39	94.65	264	268
group_4489	394	130	172	440	32.91	99.74	36.75	94.01	264	268
rpsL	395	130	197	468	32.91	100.00	42.09	100.00	265	271
group_4645	394	128	176	446	32.40	99.74	37.60	95.29	266	270
rpsO	393	126	190	466	31.89	99.49	40.59	99.57	267	276
group_6800	394	125	172	446	31.64	99.74	36.75	95.29	269	274
rplL	393	122	188	465	30.88	99.49	40.17	99.35	271	277
rpoZ	390	121	168	442	30.63	98.73	35.89	94.44	269	274
rplR	393	120	187	466	30.37	99.49	39.95	99.57	273	279
rplV	395	120	186	468	30.37	100.00	39.74	100.00	275	282
rpmE2	392	118	181	460	29.87	99.24	38.67	98.29	274	279
rplP	393	115	182	466	29.11	99.49	38.88	99.57	278	284
rplJ	393	114	177	466	28.86	99.49	37.82	99.57	279	289
group_4320	393	113	158	445	28.60	99.49	33.76	95.08	280	287
groS	395	109	175	468	27.59	100.00	37.39	100.00	286	293
scoF	395	108	176	468	27.34	100.00	37.60	100.00	287	292
hup	394	106	173	466	26.83	99.74	36.96	99.57	288	293
secG	391	105	154	443	26.58	98.98	32.90	94.65	286	289
group_5883	394	102	156	453	25.82	99.74	33.33	96.79	292	297
rplN	393	102	169	466	25.82	99.49	36.11	99.57	291	297
atpE	394	100	154	459	25.31	99.74	32.90	98.07	294	305
rpsM	395	99	165	468	25.06	100.00	35.25	100.00	296	303
rpmH	393	97	149	451	24.55	99.49	31.83	96.36	296	302
rpsQ	393	88	150	465	22.27	99.49	32.05	99.35	305	315
rpmF	394	85	131	445	21.51	99.74	27.99	95.08	309	314
rpsJ	395	84	142	468	21.26	100.00	30.34	100.00	311	326
acpP	394	83	144	467	21.01	99.74	30.76	99.78	311	323
rpmC	393	80	136	458	20.25	99.49	29.05	97.86	313	322
rpsS	395	80	147	468	20.25	100.00	31.41	100.00	315	321
rpmB	394	76	135	459	19.24	99.74	28.84	98.07	318	324
rpsR1	395	74	135	467	18.73	100.00	28.84	99.78	321	332
infA	395	68	124	468	17.21	100.00	26.49	100.00	327	344
rpmG2	394	65	119	459	16.45	99.74	25.42	98.07	329	340
rplW	395	64	128	468	16.20	100.00	27.35	100.00	331	340
rpmI	394	64	117	459	16.20	99.74	25.00	98.07	330	342
rpmD	394	54	109	463	13.67	99.74	23.29	98.93	340	354
